-2565124.772 5085647.530 -2861207.079
-2564892.841 5085870.489 -2861013.299
-2565117.609 5085628.692 -2861244.500
-2565043.768 5085924.251 -2860779.523
-2564990.842 5085917.112 -2860841.481
-2565269.616 5085592.978 -2861167.755
-2565273.222 5085791.072 -2860819.201
-2565055.336 5085893.761 -2860827.495
-2564854.358 5085973.896 -2860864.972
-2565315.340 5085686.274 -2860966.737
-2564815.774 5085860.737 -2861101.361
-2565241.542 5085815.683 -2860801.742
-2564933.164 5085846.681 -2861019.430
-2565161.090 5085857.950 -2860796.544
-2564828.625 5085793.492 -2861208.649
-2564999.474 5085647.895 -2861315.793
-2564872.407 5085695.523 -2861342.633
-2564855.927 5085945.657 -2860915.657
-2564736.125 5085853.589 -2861182.686
-2565167.336 5085610.947 -2861231.546
-2565308.162 5085717.960 -2860914.965
-2565218.749 5085751.067 -2860938.357
-2565246.652 5085624.491 -2861134.783
-2564833.630 5085933.015 -2860951.187
-2565260.158 5085741.773 -2860917.888
-2565329.910 5085616.489 -2861074.761
-2564793.624 5085775.308 -2861269.702
-2565259.321 5085564.623 -2861226.985
-2564787.236 5085797.524 -2861233.950
-2564750.461 5085868.770 -2861140.902
-2565022.985 5085724.312 -2861157.724
-2564941.198 5085660.829 -2861342.633
-2565167.118 5085577.845 -2861290.183
-2565330.780 5085732.337 -2860862.784
-2564750.827 5085889.147 -2861102.380
-2564905.964 5085947.069 -2860870.819
-2565144.662 5085896.242 -2860745.772
-2564965.775 5085942.251 -2860817.198
-2565068.985 5085711.761 -2861136.705
-2564795.267 5085817.203 -2861196.486
-2565239.569 5085552.174 -2861268.769
-2564968.814 5085670.330 -2861296.838
-2565164.548 5085557.961 -2861329.791
-2565355.176 5085629.273 -2861031.902
-2565239.008 5085592.782 -2861197.574
-2565269.815 5085771.735 -2860856.382
-2565303.085 5085641.893 -2861053.798
-2565094.139 5085872.455 -2860830.560
-2565305.966 5085764.157 -2860833.131
-2564997.727 5085792.120 -2861056.060
-2565281.166 5085711.016 -2860953.487
-2564733.949 5085933.835 -2861038.502
-2565456.395 5085523.553 -2861128.412
-2564625.645 5085906.071 -2861183.959
-2565199.242 5085916.151 -2860659.784
-2565049.792 5085553.840 -2861439.252
-2564919.965 5085620.717 -2861423.492
-2564856.902 5085864.796 -2861059.787
-2564651.182 5085854.046 -2861253.077
-2565098.267 5085976.895 -2860638.017
-2564834.116 5085997.344 -2860834.942
-2565319.996 5085499.713 -2861294.194
-2565181.963 5085506.178 -2861401.269
-2565471.168 5085559.018 -2861048.205
-2565221.049 5085888.522 -2860689.153
-2565128.512 5085556.272 -2861360.432
-2564727.819 5085985.047 -2860949.098
-2565138.118 5085769.577 -2860973.053
-2564724.820 5086009.790 -2860910.292
-2565149.838 5085531.447 -2861387.482
-2565107.032 5085541.500 -2861407.851
-2564959.161 5085567.082 -2861492.140
-2564951.455 5086018.507 -2860697.503
-2564775.151 5086016.423 -2860858.193
-2564857.164 5085648.740 -2861432.150
-2565134.411 5085935.746 -2860682.924
-2565201.171 5085724.605 -2860998.522
-2565406.372 5085659.908 -2860929.995
-2565396.650 5085627.170 -2860998.677
-2565362.483 5085806.887 -2860705.117
-2564746.885 5085710.667 -2861425.439
-2564729.824 5085787.665 -2861302.475
-2564723.688 5085960.074 -2860999.090
-2565375.048 5085549.251 -2861153.275
-2564993.510 5085757.267 -2861125.785
-2565470.913 5085586.765 -2860997.224
-2565012.139 5085592.210 -2861405.040
-2564680.056 5085790.976 -2861340.939
-2565061.782 5085984.032 -2860660.124
-2564757.767 5085740.193 -2861361.408
-2565331.917 5085805.450 -2860734.882
-2564982.688 5085618.146 -2861387.692
-2565419.115 5085546.551 -2861123.227
-2564755.986 5086046.423 -2860820.066
-2564996.842 5085851.958 -2860957.838
-2565072.521 5085740.405 -2861078.550
-2565286.332 5085608.900 -2861126.972
-2564843.979 5085629.000 -2861480.954
-2564895.499 5085654.770 -2861389.589
-2564627.357 5085973.939 -2861058.167
-2565037.386 5085536.749 -2861478.254
-2564686.256 5085954.069 -2861047.457
-2565063.746 5085568.039 -2861399.545
-2565294.826 5085878.716 -2860634.104
-2565255.659 5085905.704 -2860619.117
-2565199.167 5085699.221 -2861049.559
-2565368.134 5085824.932 -2860666.002
-2564583.640 5085950.390 -2861140.889
-2564655.492 5085914.037 -2861143.318
-2564567.393 5085931.860 -2861190.287
-2564545.760 5085958.729 -2861162.106
-2565291.297 5085445.026 -2861414.081
-2565209.337 5085658.016 -2861115.471
-2565221.328 5085478.929 -2861414.322
-2565296.211 5085466.688 -2861371.463
-2565220.835 5085500.686 -2861376.351
-2565101.911 5085675.496 -2861171.413
-2565025.362 5085858.173 -2860923.679
-2565190.249 5085774.476 -2860917.975
-2564999.184 5085883.537 -2860899.990
-2565083.721 5085834.581 -2860908.933
-2565034.424 5085678.778 -2861227.931
-2564973.984 5085740.849 -2861172.161
-2565098.781 5085715.205 -2861106.305
-2565142.696 5085791.236 -2860930.731
-2565128.425 5085680.380 -2861139.177
-2565153.003 5085826.022 -2860860.127
-2564950.691 5085726.675 -2861215.712
-2565240.995 5085703.118 -2861000.994
-2564952.350 5085774.338 -2861130.080
-2564892.724 5085781.728 -2861170.128
-2565113.466 5085737.257 -2861054.293
-2564921.047 5085821.991 -2861073.816
-2565073.732 5085656.049 -2861230.841
-2564914.080 5085802.216 -2861112.720
-2564863.003 5085893.011 -2860993.454
-2564957.233 5085818.238 -2861050.436
-2565243.030 5085683.313 -2861038.583
-2564844.377 5085835.103 -2861123.369
-2565116.430 5085756.379 -2861015.672
-2564939.915 5085710.827 -2861253.287
-2564906.753 5085889.906 -2860966.626
-2565167.576 5085641.445 -2861181.920
-2564876.641 5085837.041 -2861089.001
-2565101.964 5085848.012 -2860866.752
-2565046.871 5085765.270 -2861057.487
-2565204.369 5085634.480 -2861161.451
-2565129.834 5085818.939 -2860895.485
-2564992.691 5085711.933 -2861204.341
-2564958.311 5085859.453 -2860981.131
-2565164.356 5085720.933 -2861040.010
-2565245.153 5085657.721 -2861079.662
-2564874.620 5085806.100 -2861141.000
-2565058.785 5085692.862 -2861183.588
-2564924.664 5085755.427 -2861188.124
-2565016.954 5085764.454 -2861085.570
-2565058.302 5085861.449 -2860886.344
-2565172.585 5085682.723 -2861102.362
-2564880.459 5085761.824 -2861213.976
-2564908.221 5085737.173 -2861234.994
-2564961.200 5085791.444 -2861089.779
-2564958.438 5085896.574 -2860915.472
-2565028.655 5085886.778 -2860863.588
-2564992.757 5085682.039 -2861259.276
-2564896.762 5085848.239 -2861049.095
-2565193.134 5085795.869 -2860877.630
-2565182.896 5085755.263 -2860962.881
-2565101.840 5085803.835 -2860944.871
-2565052.947 5085832.949 -2860943.654
-2565173.141 5085660.424 -2861143.455
-2565242.211 5085724.514 -2860962.133
-2565039.163 5085655.282 -2861262.978
-2564844.199 5085808.479 -2861170.536
-2565141.993 5085706.618 -2861085.200
-2565205.622 5085592.373 -2861228.030
-2565201.965 5085571.879 -2861265.252
-2564908.218 5085970.085 -2860823.737
-2565128.653 5085602.688 -2861278.360
-2565042.467 5085739.761 -2861108.666
-2564780.884 5085952.502 -2860963.746
-2565059.103 5085591.505 -2861360.036
-2564861.042 5085734.803 -2861283.403
-2565365.413 5085685.105 -2860921.986
-2564834.007 5085762.439 -2861258.683
-2565290.174 5085743.666 -2860885.596
-2564903.588 5085699.288 -2861308.222
-2564792.498 5085846.153 -2861147.836
-2565045.301 5085626.612 -2861316.992
-2564944.523 5085937.423 -2860853.514
-2565159.524 5085743.362 -2861004.709
-2564761.572 5085938.273 -2861006.068
-2564822.890 5085742.162 -2861306.597
-2564775.720 5085910.690 -2861044.392
-2564987.993 5085954.293 -2860773.930
-2564819.180 5085908.998 -2861006.464
-2564820.039 5085968.325 -2860898.723
-2565192.063 5085817.146 -2860836.580
-2565327.102 5085653.524 -2861011.872
-2565107.018 5085587.828 -2861326.077
-2564991.149 5086082.423 -2860549.271
-2564957.808 5086115.002 -2860528.078
-2564440.372 5086298.660 -2860646.793
-2564404.378 5086338.347 -2860613.183
-2564522.512 5086286.680 -2860599.240
-2563856.930 5086292.593 -2861179.144
-2563897.559 5086274.249 -2861173.155
-2563820.775 5086329.530 -2861143.886
-2563537.476 5085904.420 -2862144.280
-2563580.402 5085887.992 -2862135.084
-2563594.834 5085905.580 -2862093.415
-2564497.670 5085764.003 -2861546.498
-2564552.013 5085736.208 -2861547.190
-2564823.244 5085386.558 -2861925.156
-2564742.375 5085424.888 -2861927.275
-2564782.890 5085415.154 -2861908.390
-2565494.958 5084973.415 -2862060.727
-2565451.081 5084992.816 -2862063.340
-2565414.550 5085023.469 -2862039.555
-2566417.091 5084733.042 -2861672.564
-2566394.749 5084761.582 -2861639.878
-2566448.372 5084742.511 -2861630.201
-2565604.122 5085390.843 -2861228.919
-2565576.149 5085419.927 -2861198.056
-2565892.911 5085519.623 -2860744.289
-2565829.102 5085557.137 -2860734.895
-2565872.238 5085546.406 -2860715.414
-2565829.871 5085927.483 -2860080.150
-2565805.205 5085964.897 -2860036.044
-2565129.754 5086584.690 -2859529.669
-2565078.600 5086615.963 -2859522.208
-2565167.733 5086584.263 -2859503.232
